{
 "cells": [
  {
   "cell_type": "markdown",
   "metadata": {
    "id": "n0ZKqZaTWkpg"
   },
   "source": [
    "# Portfolio Part 3 - Analysis of Mobile Price Data (2024 S1)"
   ]
  },
  {
   "cell_type": "markdown",
   "metadata": {
    "id": "O9R7rVmlXaMX"
   },
   "source": [
    "In this Portfolio task, you will work on a new dataset named 'Mobile Price Data', it contains numerous details about mobile phone hardware, specifications, and prices. Your main task is to train classification models to predict **mobile phone prices** ('price range' in the dataset)and evaluate the strengths and weaknesses of these models."
   ]
  },
  {
   "cell_type": "markdown",
   "metadata": {
    "id": "zHC8wWkVZVBG"
   },
   "source": [
    "Here's the explanation of each column:"
   ]
  },
  {
   "cell_type": "markdown",
   "metadata": {
    "id": "_O1tyfN3ZvE-"
   },
   "source": [
    "|Column|Meaning|\n",
    "|:-----:|:-----:|\n",
    "|battery power|Total energy a battery can store in one time measured in mAh|\n",
    "|blue|Has bluetooth or not|\n",
    "|clock speed|speed at which microprocessor executes instructions|\n",
    "|dual sim|Has dual sim support or not|\n",
    "|fc|Front Camera mega pixels|\n",
    "|four g|Has 4G or not|\n",
    "|int memory|Internal Memory in Gigabytes|\n",
    "|m dep|Mobile Depth in cm|\n",
    "|mobile wt|Weight of mobile phone|\n",
    "|n cores|Number of cores of processor|\n",
    "|pc|Primary Camera mega pixels|\n",
    "|px height|Pixel Resolution Height|\n",
    "|px width|Pixel Resolution Width|\n",
    "|ram|Random Access Memory in Mega Bytes|\n",
    "|sc h|Screen Height of mobile in cm|\n",
    "|sc w|Screen Width of mobile in cm|\n",
    "|talk time|longest time that a single battery charge will last when you are|\n",
    "|three g|Has 3G or not|\n",
    "|touch screen|Has touch screen or not|\n",
    "|wifi|Has wifi or not|\n",
    "|price range|This is the target variable with value of 0(low cost), 1(medium cost), 2(high cost) and 3(very high cost)|"
   ]
  },
  {
   "cell_type": "markdown",
   "metadata": {
    "id": "fmFqaGooclqa"
   },
   "source": [
    "Blue, dual sim, four g, three g, touch screen, and wifi are all binary attributes, 0 for not and 1 for yes."
   ]
  },
  {
   "cell_type": "markdown",
   "metadata": {
    "id": "o0VDQbC-es_8"
   },
   "source": [
    "Your high level goal in this notebook is to build and evaluate predictive models for 'price range' from other available features. More specifically, you need to **complete the following major steps**:\n",
    "\n",
    "1. ***Explore the data*** and ***clean the data if necessary***. For example, remove abnormal instanaces and replace missing values.\n",
    "\n",
    "2. ***Study the correlation*** between 'price range' with other features. And ***select the variables*** that you think are helpful for predicting the price range. We do not limit the number of variables.\n",
    "\n",
    "3. ***Split the dataset*** (Trainging set : Test set = 8 : 2)\n",
    "\n",
    "4. ***Train a logistic regression model*** to predict 'price range' based on the selected features (from the second step). ***Calculate the accuracy*** of your model. (You are required to report the accuracy from both training set and test set.) ***Explain your model and evaluate its performance*** (Is the model performing well? If yes, what factors might be contributing to the good performance of your model? If not, how can improvements be made?).\n",
    "\n",
    "5. ***Train a KNN model*** to predict 'price range' based on the selected features (you can use the features selected from the second step and set K with an ad-hoc manner in this step. ***Calculate the accuracy*** of your model. (You are required to report the accuracy from both training set and test set.)\n",
    "\n",
    "6. ***Tune the hyper-parameter K*** in KNN (Hints: GridsearchCV), ***visualize the results***, and ***explain*** how K influences the prediction performance.\n",
    "\n",
    "  Hints for visualization: You can use line chart to visualize K and mean accuracy scores on test set."
   ]
  },
  {
   "cell_type": "markdown",
   "metadata": {
    "id": "RAcIxzIldzSZ"
   },
   "source": [
    "Note 1: In this assignment, we no longer provide specific guidance and templates for each sub task. You should learn how to properly comment your notebook by yourself to make your notebook file readable.\n",
    "\n",
    "Note 2: You will not being evaluated on the accuracy of the model but on the process that you use to generate it and your explanation."
   ]
  },
  {
   "cell_type": "code",
   "execution_count": 2,
   "metadata": {
    "id": "UpCBB45NV0p_"
   },
   "outputs": [],
   "source": [
    "#Library importation\n",
    "import pandas as pd\n",
    "import numpy as np\n",
    "from sklearn.model_selection import train_test_split, GridSearchCV\n",
    "from sklearn import linear_model\n",
    "from sklearn.metrics import r2_score\n",
    "from sklearn.preprocessing import OrdinalEncoder\n",
    "from sklearn.neighbors import KNeighborsClassifier\n",
    "from sklearn.metrics import accuracy_score\n",
    "\n",
    "import seaborn as sns\n",
    "import matplotlib.pylab as plt\n",
    "%matplotlib inline"
   ]
  },
  {
   "cell_type": "code",
   "execution_count": 3,
   "metadata": {},
   "outputs": [
    {
     "name": "stdout",
     "output_type": "stream",
     "text": [
      "<class 'pandas.core.frame.DataFrame'>\n",
      "RangeIndex: 2000 entries, 0 to 1999\n",
      "Data columns (total 21 columns):\n",
      " #   Column         Non-Null Count  Dtype  \n",
      "---  ------         --------------  -----  \n",
      " 0   battery_power  2000 non-null   int64  \n",
      " 1   blue           2000 non-null   int64  \n",
      " 2   clock_speed    2000 non-null   float64\n",
      " 3   dual_sim       2000 non-null   int64  \n",
      " 4   fc             2000 non-null   int64  \n",
      " 5   four_g         2000 non-null   int64  \n",
      " 6   int_memory     1999 non-null   float64\n",
      " 7   m_dep          1999 non-null   float64\n",
      " 8   mobile_wt      2000 non-null   int64  \n",
      " 9   n_cores        2000 non-null   int64  \n",
      " 10  pc             2000 non-null   int64  \n",
      " 11  px_height      2000 non-null   int64  \n",
      " 12  px_width       1999 non-null   float64\n",
      " 13  ram            1999 non-null   float64\n",
      " 14  sc_h           2000 non-null   int64  \n",
      " 15  sc_w           2000 non-null   int64  \n",
      " 16  talk_time      2000 non-null   int64  \n",
      " 17  three_g        1999 non-null   float64\n",
      " 18  touch_screen   2000 non-null   int64  \n",
      " 19  wifi           2000 non-null   int64  \n",
      " 20  price_range    2000 non-null   int64  \n",
      "dtypes: float64(6), int64(15)\n",
      "memory usage: 328.3 KB\n"
     ]
    }
   ],
   "source": [
    "df=pd.read_csv('Mobile_Price_Data.csv')\n",
    "df.info()"
   ]
  },
  {
   "cell_type": "code",
   "execution_count": 59,
   "metadata": {},
   "outputs": [
    {
     "data": {
      "text/plain": [
       "battery_power    0\n",
       "blue             0\n",
       "clock_speed      0\n",
       "dual_sim         0\n",
       "fc               0\n",
       "four_g           0\n",
       "int_memory       1\n",
       "m_dep            1\n",
       "mobile_wt        0\n",
       "n_cores          0\n",
       "pc               0\n",
       "px_height        0\n",
       "px_width         1\n",
       "ram              1\n",
       "sc_h             0\n",
       "sc_w             0\n",
       "talk_time        0\n",
       "three_g          1\n",
       "touch_screen     0\n",
       "wifi             0\n",
       "price_range      0\n",
       "dtype: int64"
      ]
     },
     "execution_count": 59,
     "metadata": {},
     "output_type": "execute_result"
    }
   ],
   "source": [
    "#Question 1\n",
    "\n",
    "#Identify and remove null values\n",
    "nullcount = df.isna().sum()\n",
    "nullcount"
   ]
  },
  {
   "cell_type": "code",
   "execution_count": 60,
   "metadata": {},
   "outputs": [],
   "source": [
    "#Fill in the missing values with the mean value. (Only fill in the values that are not true or false.)\n",
    "int_memory_mean = df['int_memory'].mean()\n",
    "df['int_memory'] = df['int_memory'].fillna(int_memory_mean)\n",
    "\n",
    "m_dep_mean = df['m_dep'].mean()\n",
    "df['m_dep'] = df['m_dep'].fillna(m_dep_mean)\n",
    "\n",
    "px_width_mean = df['px_width'].mean()\n",
    "df['px_width'] = df['px_width'].fillna(px_width_mean)\n",
    "\n",
    "ram_mean = df['ram'].mean()\n",
    "df['ram'] = df['ram'].fillna(ram_mean)\n",
    "\n"
   ]
  },
  {
   "cell_type": "code",
   "execution_count": 61,
   "metadata": {},
   "outputs": [],
   "source": [
    "#Remove missing values\n",
    "df = df.dropna()"
   ]
  },
  {
   "cell_type": "code",
   "execution_count": 84,
   "metadata": {},
   "outputs": [
    {
     "data": {
      "text/html": [
       "<div>\n",
       "<style scoped>\n",
       "    .dataframe tbody tr th:only-of-type {\n",
       "        vertical-align: middle;\n",
       "    }\n",
       "\n",
       "    .dataframe tbody tr th {\n",
       "        vertical-align: top;\n",
       "    }\n",
       "\n",
       "    .dataframe thead th {\n",
       "        text-align: right;\n",
       "    }\n",
       "</style>\n",
       "<table border=\"1\" class=\"dataframe\">\n",
       "  <thead>\n",
       "    <tr style=\"text-align: right;\">\n",
       "      <th></th>\n",
       "      <th>battery_power</th>\n",
       "      <th>blue</th>\n",
       "      <th>clock_speed</th>\n",
       "      <th>dual_sim</th>\n",
       "      <th>fc</th>\n",
       "      <th>four_g</th>\n",
       "      <th>int_memory</th>\n",
       "      <th>m_dep</th>\n",
       "      <th>mobile_wt</th>\n",
       "      <th>n_cores</th>\n",
       "      <th>...</th>\n",
       "      <th>px_height</th>\n",
       "      <th>px_width</th>\n",
       "      <th>ram</th>\n",
       "      <th>sc_h</th>\n",
       "      <th>sc_w</th>\n",
       "      <th>talk_time</th>\n",
       "      <th>three_g</th>\n",
       "      <th>touch_screen</th>\n",
       "      <th>wifi</th>\n",
       "      <th>price_range</th>\n",
       "    </tr>\n",
       "  </thead>\n",
       "  <tbody>\n",
       "    <tr>\n",
       "      <th>battery_power</th>\n",
       "      <td>1.000000</td>\n",
       "      <td>0.011501</td>\n",
       "      <td>0.011368</td>\n",
       "      <td>-0.042104</td>\n",
       "      <td>0.033531</td>\n",
       "      <td>0.015431</td>\n",
       "      <td>-0.004480</td>\n",
       "      <td>0.034824</td>\n",
       "      <td>0.002114</td>\n",
       "      <td>-0.029567</td>\n",
       "      <td>...</td>\n",
       "      <td>0.014698</td>\n",
       "      <td>-0.008230</td>\n",
       "      <td>-0.000504</td>\n",
       "      <td>-0.030247</td>\n",
       "      <td>-0.021551</td>\n",
       "      <td>0.052469</td>\n",
       "      <td>0.011385</td>\n",
       "      <td>-0.010269</td>\n",
       "      <td>-0.008591</td>\n",
       "      <td>0.200856</td>\n",
       "    </tr>\n",
       "    <tr>\n",
       "      <th>blue</th>\n",
       "      <td>0.011501</td>\n",
       "      <td>1.000000</td>\n",
       "      <td>0.021654</td>\n",
       "      <td>0.035701</td>\n",
       "      <td>0.003217</td>\n",
       "      <td>0.013924</td>\n",
       "      <td>0.041401</td>\n",
       "      <td>0.004218</td>\n",
       "      <td>-0.009145</td>\n",
       "      <td>0.035844</td>\n",
       "      <td>...</td>\n",
       "      <td>-0.006464</td>\n",
       "      <td>-0.041621</td>\n",
       "      <td>0.026053</td>\n",
       "      <td>-0.002402</td>\n",
       "      <td>0.000867</td>\n",
       "      <td>0.014027</td>\n",
       "      <td>-0.029969</td>\n",
       "      <td>0.009567</td>\n",
       "      <td>-0.021385</td>\n",
       "      <td>0.020357</td>\n",
       "    </tr>\n",
       "    <tr>\n",
       "      <th>clock_speed</th>\n",
       "      <td>0.011368</td>\n",
       "      <td>0.021654</td>\n",
       "      <td>1.000000</td>\n",
       "      <td>-0.001543</td>\n",
       "      <td>-0.000257</td>\n",
       "      <td>-0.043307</td>\n",
       "      <td>0.006383</td>\n",
       "      <td>-0.013941</td>\n",
       "      <td>0.012604</td>\n",
       "      <td>-0.005571</td>\n",
       "      <td>...</td>\n",
       "      <td>-0.014718</td>\n",
       "      <td>-0.009644</td>\n",
       "      <td>0.003595</td>\n",
       "      <td>-0.029346</td>\n",
       "      <td>-0.007498</td>\n",
       "      <td>-0.011475</td>\n",
       "      <td>-0.046569</td>\n",
       "      <td>0.019995</td>\n",
       "      <td>-0.024707</td>\n",
       "      <td>-0.006503</td>\n",
       "    </tr>\n",
       "    <tr>\n",
       "      <th>dual_sim</th>\n",
       "      <td>-0.042104</td>\n",
       "      <td>0.035701</td>\n",
       "      <td>-0.001543</td>\n",
       "      <td>1.000000</td>\n",
       "      <td>-0.028760</td>\n",
       "      <td>0.002718</td>\n",
       "      <td>-0.014612</td>\n",
       "      <td>-0.022320</td>\n",
       "      <td>-0.008453</td>\n",
       "      <td>-0.024340</td>\n",
       "      <td>...</td>\n",
       "      <td>-0.021291</td>\n",
       "      <td>0.014370</td>\n",
       "      <td>0.041401</td>\n",
       "      <td>-0.012503</td>\n",
       "      <td>-0.016923</td>\n",
       "      <td>-0.039503</td>\n",
       "      <td>-0.014287</td>\n",
       "      <td>-0.016632</td>\n",
       "      <td>0.022267</td>\n",
       "      <td>0.017669</td>\n",
       "    </tr>\n",
       "    <tr>\n",
       "      <th>fc</th>\n",
       "      <td>0.033531</td>\n",
       "      <td>0.003217</td>\n",
       "      <td>-0.000257</td>\n",
       "      <td>-0.028760</td>\n",
       "      <td>1.000000</td>\n",
       "      <td>-0.016200</td>\n",
       "      <td>-0.031052</td>\n",
       "      <td>-0.002976</td>\n",
       "      <td>0.023216</td>\n",
       "      <td>-0.013613</td>\n",
       "      <td>...</td>\n",
       "      <td>-0.009677</td>\n",
       "      <td>-0.005263</td>\n",
       "      <td>0.014858</td>\n",
       "      <td>-0.010594</td>\n",
       "      <td>-0.012180</td>\n",
       "      <td>-0.006761</td>\n",
       "      <td>0.002006</td>\n",
       "      <td>-0.015218</td>\n",
       "      <td>0.020469</td>\n",
       "      <td>0.021832</td>\n",
       "    </tr>\n",
       "    <tr>\n",
       "      <th>four_g</th>\n",
       "      <td>0.015431</td>\n",
       "      <td>0.013924</td>\n",
       "      <td>-0.043307</td>\n",
       "      <td>0.002718</td>\n",
       "      <td>-0.016200</td>\n",
       "      <td>1.000000</td>\n",
       "      <td>0.008514</td>\n",
       "      <td>-0.000949</td>\n",
       "      <td>-0.016027</td>\n",
       "      <td>-0.029397</td>\n",
       "      <td>...</td>\n",
       "      <td>-0.019641</td>\n",
       "      <td>0.007287</td>\n",
       "      <td>0.007613</td>\n",
       "      <td>0.026646</td>\n",
       "      <td>0.036770</td>\n",
       "      <td>-0.046726</td>\n",
       "      <td>0.584157</td>\n",
       "      <td>0.017248</td>\n",
       "      <td>-0.018101</td>\n",
       "      <td>0.014990</td>\n",
       "    </tr>\n",
       "    <tr>\n",
       "      <th>int_memory</th>\n",
       "      <td>-0.004480</td>\n",
       "      <td>0.041401</td>\n",
       "      <td>0.006383</td>\n",
       "      <td>-0.014612</td>\n",
       "      <td>-0.031052</td>\n",
       "      <td>0.008514</td>\n",
       "      <td>1.000000</td>\n",
       "      <td>0.006388</td>\n",
       "      <td>-0.035220</td>\n",
       "      <td>-0.027927</td>\n",
       "      <td>...</td>\n",
       "      <td>0.010662</td>\n",
       "      <td>-0.008505</td>\n",
       "      <td>0.032551</td>\n",
       "      <td>0.038044</td>\n",
       "      <td>0.012513</td>\n",
       "      <td>-0.002015</td>\n",
       "      <td>-0.009479</td>\n",
       "      <td>-0.028097</td>\n",
       "      <td>0.006811</td>\n",
       "      <td>0.043983</td>\n",
       "    </tr>\n",
       "    <tr>\n",
       "      <th>m_dep</th>\n",
       "      <td>0.034824</td>\n",
       "      <td>0.004218</td>\n",
       "      <td>-0.013941</td>\n",
       "      <td>-0.022320</td>\n",
       "      <td>-0.002976</td>\n",
       "      <td>-0.000949</td>\n",
       "      <td>0.006388</td>\n",
       "      <td>1.000000</td>\n",
       "      <td>0.022260</td>\n",
       "      <td>-0.004299</td>\n",
       "      <td>...</td>\n",
       "      <td>0.024787</td>\n",
       "      <td>0.023006</td>\n",
       "      <td>-0.009989</td>\n",
       "      <td>-0.025553</td>\n",
       "      <td>-0.019315</td>\n",
       "      <td>0.017832</td>\n",
       "      <td>-0.012165</td>\n",
       "      <td>-0.003506</td>\n",
       "      <td>-0.027500</td>\n",
       "      <td>0.000002</td>\n",
       "    </tr>\n",
       "    <tr>\n",
       "      <th>mobile_wt</th>\n",
       "      <td>0.002114</td>\n",
       "      <td>-0.009145</td>\n",
       "      <td>0.012604</td>\n",
       "      <td>-0.008453</td>\n",
       "      <td>0.023216</td>\n",
       "      <td>-0.016027</td>\n",
       "      <td>-0.035220</td>\n",
       "      <td>0.022260</td>\n",
       "      <td>1.000000</td>\n",
       "      <td>-0.019356</td>\n",
       "      <td>...</td>\n",
       "      <td>0.001388</td>\n",
       "      <td>0.000291</td>\n",
       "      <td>-0.002920</td>\n",
       "      <td>-0.033272</td>\n",
       "      <td>-0.020491</td>\n",
       "      <td>0.006308</td>\n",
       "      <td>0.001854</td>\n",
       "      <td>-0.014920</td>\n",
       "      <td>0.000124</td>\n",
       "      <td>-0.030554</td>\n",
       "    </tr>\n",
       "    <tr>\n",
       "      <th>n_cores</th>\n",
       "      <td>-0.029567</td>\n",
       "      <td>0.035844</td>\n",
       "      <td>-0.005571</td>\n",
       "      <td>-0.024340</td>\n",
       "      <td>-0.013613</td>\n",
       "      <td>-0.029397</td>\n",
       "      <td>-0.027927</td>\n",
       "      <td>-0.004299</td>\n",
       "      <td>-0.019356</td>\n",
       "      <td>1.000000</td>\n",
       "      <td>...</td>\n",
       "      <td>-0.006598</td>\n",
       "      <td>0.024483</td>\n",
       "      <td>0.004658</td>\n",
       "      <td>0.000056</td>\n",
       "      <td>0.026002</td>\n",
       "      <td>0.013210</td>\n",
       "      <td>-0.014549</td>\n",
       "      <td>0.023448</td>\n",
       "      <td>-0.009639</td>\n",
       "      <td>0.004251</td>\n",
       "    </tr>\n",
       "    <tr>\n",
       "      <th>pc</th>\n",
       "      <td>0.031439</td>\n",
       "      <td>-0.009948</td>\n",
       "      <td>-0.005249</td>\n",
       "      <td>-0.017154</td>\n",
       "      <td>0.644694</td>\n",
       "      <td>-0.005606</td>\n",
       "      <td>-0.034132</td>\n",
       "      <td>0.025949</td>\n",
       "      <td>0.018857</td>\n",
       "      <td>-0.001188</td>\n",
       "      <td>...</td>\n",
       "      <td>-0.018474</td>\n",
       "      <td>0.004001</td>\n",
       "      <td>0.028991</td>\n",
       "      <td>0.004931</td>\n",
       "      <td>-0.023824</td>\n",
       "      <td>0.014656</td>\n",
       "      <td>-0.001326</td>\n",
       "      <td>-0.008737</td>\n",
       "      <td>0.005383</td>\n",
       "      <td>0.033604</td>\n",
       "    </tr>\n",
       "    <tr>\n",
       "      <th>px_height</th>\n",
       "      <td>0.014698</td>\n",
       "      <td>-0.006464</td>\n",
       "      <td>-0.014718</td>\n",
       "      <td>-0.021291</td>\n",
       "      <td>-0.009677</td>\n",
       "      <td>-0.019641</td>\n",
       "      <td>0.010662</td>\n",
       "      <td>0.024787</td>\n",
       "      <td>0.001388</td>\n",
       "      <td>-0.006598</td>\n",
       "      <td>...</td>\n",
       "      <td>1.000000</td>\n",
       "      <td>0.510691</td>\n",
       "      <td>-0.020098</td>\n",
       "      <td>0.059182</td>\n",
       "      <td>0.042836</td>\n",
       "      <td>-0.010722</td>\n",
       "      <td>-0.031414</td>\n",
       "      <td>0.022318</td>\n",
       "      <td>0.051436</td>\n",
       "      <td>0.149076</td>\n",
       "    </tr>\n",
       "    <tr>\n",
       "      <th>px_width</th>\n",
       "      <td>-0.008230</td>\n",
       "      <td>-0.041621</td>\n",
       "      <td>-0.009644</td>\n",
       "      <td>0.014370</td>\n",
       "      <td>-0.005263</td>\n",
       "      <td>0.007287</td>\n",
       "      <td>-0.008505</td>\n",
       "      <td>0.023006</td>\n",
       "      <td>0.000291</td>\n",
       "      <td>0.024483</td>\n",
       "      <td>...</td>\n",
       "      <td>0.510691</td>\n",
       "      <td>1.000000</td>\n",
       "      <td>0.003970</td>\n",
       "      <td>0.021664</td>\n",
       "      <td>0.034606</td>\n",
       "      <td>0.006582</td>\n",
       "      <td>0.000393</td>\n",
       "      <td>-0.001470</td>\n",
       "      <td>0.030403</td>\n",
       "      <td>0.165688</td>\n",
       "    </tr>\n",
       "    <tr>\n",
       "      <th>ram</th>\n",
       "      <td>-0.000504</td>\n",
       "      <td>0.026053</td>\n",
       "      <td>0.003595</td>\n",
       "      <td>0.041401</td>\n",
       "      <td>0.014858</td>\n",
       "      <td>0.007613</td>\n",
       "      <td>0.032551</td>\n",
       "      <td>-0.009989</td>\n",
       "      <td>-0.002920</td>\n",
       "      <td>0.004658</td>\n",
       "      <td>...</td>\n",
       "      <td>-0.020098</td>\n",
       "      <td>0.003970</td>\n",
       "      <td>1.000000</td>\n",
       "      <td>0.016355</td>\n",
       "      <td>0.035745</td>\n",
       "      <td>0.010870</td>\n",
       "      <td>0.015977</td>\n",
       "      <td>-0.030788</td>\n",
       "      <td>0.022993</td>\n",
       "      <td>0.917039</td>\n",
       "    </tr>\n",
       "    <tr>\n",
       "      <th>sc_h</th>\n",
       "      <td>-0.030247</td>\n",
       "      <td>-0.002402</td>\n",
       "      <td>-0.029346</td>\n",
       "      <td>-0.012503</td>\n",
       "      <td>-0.010594</td>\n",
       "      <td>0.026646</td>\n",
       "      <td>0.038044</td>\n",
       "      <td>-0.025553</td>\n",
       "      <td>-0.033272</td>\n",
       "      <td>0.000056</td>\n",
       "      <td>...</td>\n",
       "      <td>0.059182</td>\n",
       "      <td>0.021664</td>\n",
       "      <td>0.016355</td>\n",
       "      <td>1.000000</td>\n",
       "      <td>0.506049</td>\n",
       "      <td>-0.017442</td>\n",
       "      <td>0.011726</td>\n",
       "      <td>-0.019473</td>\n",
       "      <td>0.025394</td>\n",
       "      <td>0.023244</td>\n",
       "    </tr>\n",
       "    <tr>\n",
       "      <th>sc_w</th>\n",
       "      <td>-0.021551</td>\n",
       "      <td>0.000867</td>\n",
       "      <td>-0.007498</td>\n",
       "      <td>-0.016923</td>\n",
       "      <td>-0.012180</td>\n",
       "      <td>0.036770</td>\n",
       "      <td>0.012513</td>\n",
       "      <td>-0.019315</td>\n",
       "      <td>-0.020491</td>\n",
       "      <td>0.026002</td>\n",
       "      <td>...</td>\n",
       "      <td>0.042836</td>\n",
       "      <td>0.034606</td>\n",
       "      <td>0.035745</td>\n",
       "      <td>0.506049</td>\n",
       "      <td>1.000000</td>\n",
       "      <td>-0.022869</td>\n",
       "      <td>0.030802</td>\n",
       "      <td>0.012982</td>\n",
       "      <td>0.035181</td>\n",
       "      <td>0.038830</td>\n",
       "    </tr>\n",
       "    <tr>\n",
       "      <th>talk_time</th>\n",
       "      <td>0.052469</td>\n",
       "      <td>0.014027</td>\n",
       "      <td>-0.011475</td>\n",
       "      <td>-0.039503</td>\n",
       "      <td>-0.006761</td>\n",
       "      <td>-0.046726</td>\n",
       "      <td>-0.002015</td>\n",
       "      <td>0.017832</td>\n",
       "      <td>0.006308</td>\n",
       "      <td>0.013210</td>\n",
       "      <td>...</td>\n",
       "      <td>-0.010722</td>\n",
       "      <td>0.006582</td>\n",
       "      <td>0.010870</td>\n",
       "      <td>-0.017442</td>\n",
       "      <td>-0.022869</td>\n",
       "      <td>1.000000</td>\n",
       "      <td>-0.042742</td>\n",
       "      <td>0.017292</td>\n",
       "      <td>-0.029601</td>\n",
       "      <td>0.021901</td>\n",
       "    </tr>\n",
       "    <tr>\n",
       "      <th>three_g</th>\n",
       "      <td>0.011385</td>\n",
       "      <td>-0.029969</td>\n",
       "      <td>-0.046569</td>\n",
       "      <td>-0.014287</td>\n",
       "      <td>0.002006</td>\n",
       "      <td>0.584157</td>\n",
       "      <td>-0.009479</td>\n",
       "      <td>-0.012165</td>\n",
       "      <td>0.001854</td>\n",
       "      <td>-0.014549</td>\n",
       "      <td>...</td>\n",
       "      <td>-0.031414</td>\n",
       "      <td>0.000393</td>\n",
       "      <td>0.015977</td>\n",
       "      <td>0.011726</td>\n",
       "      <td>0.030802</td>\n",
       "      <td>-0.042742</td>\n",
       "      <td>1.000000</td>\n",
       "      <td>0.014204</td>\n",
       "      <td>0.004041</td>\n",
       "      <td>0.023739</td>\n",
       "    </tr>\n",
       "    <tr>\n",
       "      <th>touch_screen</th>\n",
       "      <td>-0.010269</td>\n",
       "      <td>0.009567</td>\n",
       "      <td>0.019995</td>\n",
       "      <td>-0.016632</td>\n",
       "      <td>-0.015218</td>\n",
       "      <td>0.017248</td>\n",
       "      <td>-0.028097</td>\n",
       "      <td>-0.003506</td>\n",
       "      <td>-0.014920</td>\n",
       "      <td>0.023448</td>\n",
       "      <td>...</td>\n",
       "      <td>0.022318</td>\n",
       "      <td>-0.001470</td>\n",
       "      <td>-0.030788</td>\n",
       "      <td>-0.019473</td>\n",
       "      <td>0.012982</td>\n",
       "      <td>0.017292</td>\n",
       "      <td>0.014204</td>\n",
       "      <td>1.000000</td>\n",
       "      <td>0.012420</td>\n",
       "      <td>-0.030645</td>\n",
       "    </tr>\n",
       "    <tr>\n",
       "      <th>wifi</th>\n",
       "      <td>-0.008591</td>\n",
       "      <td>-0.021385</td>\n",
       "      <td>-0.024707</td>\n",
       "      <td>0.022267</td>\n",
       "      <td>0.020469</td>\n",
       "      <td>-0.018101</td>\n",
       "      <td>0.006811</td>\n",
       "      <td>-0.027500</td>\n",
       "      <td>0.000124</td>\n",
       "      <td>-0.009639</td>\n",
       "      <td>...</td>\n",
       "      <td>0.051436</td>\n",
       "      <td>0.030403</td>\n",
       "      <td>0.022993</td>\n",
       "      <td>0.025394</td>\n",
       "      <td>0.035181</td>\n",
       "      <td>-0.029601</td>\n",
       "      <td>0.004041</td>\n",
       "      <td>0.012420</td>\n",
       "      <td>1.000000</td>\n",
       "      <td>0.019011</td>\n",
       "    </tr>\n",
       "    <tr>\n",
       "      <th>price_range</th>\n",
       "      <td>0.200856</td>\n",
       "      <td>0.020357</td>\n",
       "      <td>-0.006503</td>\n",
       "      <td>0.017669</td>\n",
       "      <td>0.021832</td>\n",
       "      <td>0.014990</td>\n",
       "      <td>0.043983</td>\n",
       "      <td>0.000002</td>\n",
       "      <td>-0.030554</td>\n",
       "      <td>0.004251</td>\n",
       "      <td>...</td>\n",
       "      <td>0.149076</td>\n",
       "      <td>0.165688</td>\n",
       "      <td>0.917039</td>\n",
       "      <td>0.023244</td>\n",
       "      <td>0.038830</td>\n",
       "      <td>0.021901</td>\n",
       "      <td>0.023739</td>\n",
       "      <td>-0.030645</td>\n",
       "      <td>0.019011</td>\n",
       "      <td>1.000000</td>\n",
       "    </tr>\n",
       "  </tbody>\n",
       "</table>\n",
       "<p>21 rows × 21 columns</p>\n",
       "</div>"
      ],
      "text/plain": [
       "               battery_power      blue  clock_speed  dual_sim        fc  \\\n",
       "battery_power       1.000000  0.011501     0.011368 -0.042104  0.033531   \n",
       "blue                0.011501  1.000000     0.021654  0.035701  0.003217   \n",
       "clock_speed         0.011368  0.021654     1.000000 -0.001543 -0.000257   \n",
       "dual_sim           -0.042104  0.035701    -0.001543  1.000000 -0.028760   \n",
       "fc                  0.033531  0.003217    -0.000257 -0.028760  1.000000   \n",
       "four_g              0.015431  0.013924    -0.043307  0.002718 -0.016200   \n",
       "int_memory         -0.004480  0.041401     0.006383 -0.014612 -0.031052   \n",
       "m_dep               0.034824  0.004218    -0.013941 -0.022320 -0.002976   \n",
       "mobile_wt           0.002114 -0.009145     0.012604 -0.008453  0.023216   \n",
       "n_cores            -0.029567  0.035844    -0.005571 -0.024340 -0.013613   \n",
       "pc                  0.031439 -0.009948    -0.005249 -0.017154  0.644694   \n",
       "px_height           0.014698 -0.006464    -0.014718 -0.021291 -0.009677   \n",
       "px_width           -0.008230 -0.041621    -0.009644  0.014370 -0.005263   \n",
       "ram                -0.000504  0.026053     0.003595  0.041401  0.014858   \n",
       "sc_h               -0.030247 -0.002402    -0.029346 -0.012503 -0.010594   \n",
       "sc_w               -0.021551  0.000867    -0.007498 -0.016923 -0.012180   \n",
       "talk_time           0.052469  0.014027    -0.011475 -0.039503 -0.006761   \n",
       "three_g             0.011385 -0.029969    -0.046569 -0.014287  0.002006   \n",
       "touch_screen       -0.010269  0.009567     0.019995 -0.016632 -0.015218   \n",
       "wifi               -0.008591 -0.021385    -0.024707  0.022267  0.020469   \n",
       "price_range         0.200856  0.020357    -0.006503  0.017669  0.021832   \n",
       "\n",
       "                 four_g  int_memory     m_dep  mobile_wt   n_cores  ...  \\\n",
       "battery_power  0.015431   -0.004480  0.034824   0.002114 -0.029567  ...   \n",
       "blue           0.013924    0.041401  0.004218  -0.009145  0.035844  ...   \n",
       "clock_speed   -0.043307    0.006383 -0.013941   0.012604 -0.005571  ...   \n",
       "dual_sim       0.002718   -0.014612 -0.022320  -0.008453 -0.024340  ...   \n",
       "fc            -0.016200   -0.031052 -0.002976   0.023216 -0.013613  ...   \n",
       "four_g         1.000000    0.008514 -0.000949  -0.016027 -0.029397  ...   \n",
       "int_memory     0.008514    1.000000  0.006388  -0.035220 -0.027927  ...   \n",
       "m_dep         -0.000949    0.006388  1.000000   0.022260 -0.004299  ...   \n",
       "mobile_wt     -0.016027   -0.035220  0.022260   1.000000 -0.019356  ...   \n",
       "n_cores       -0.029397   -0.027927 -0.004299  -0.019356  1.000000  ...   \n",
       "pc            -0.005606   -0.034132  0.025949   0.018857 -0.001188  ...   \n",
       "px_height     -0.019641    0.010662  0.024787   0.001388 -0.006598  ...   \n",
       "px_width       0.007287   -0.008505  0.023006   0.000291  0.024483  ...   \n",
       "ram            0.007613    0.032551 -0.009989  -0.002920  0.004658  ...   \n",
       "sc_h           0.026646    0.038044 -0.025553  -0.033272  0.000056  ...   \n",
       "sc_w           0.036770    0.012513 -0.019315  -0.020491  0.026002  ...   \n",
       "talk_time     -0.046726   -0.002015  0.017832   0.006308  0.013210  ...   \n",
       "three_g        0.584157   -0.009479 -0.012165   0.001854 -0.014549  ...   \n",
       "touch_screen   0.017248   -0.028097 -0.003506  -0.014920  0.023448  ...   \n",
       "wifi          -0.018101    0.006811 -0.027500   0.000124 -0.009639  ...   \n",
       "price_range    0.014990    0.043983  0.000002  -0.030554  0.004251  ...   \n",
       "\n",
       "               px_height  px_width       ram      sc_h      sc_w  talk_time  \\\n",
       "battery_power   0.014698 -0.008230 -0.000504 -0.030247 -0.021551   0.052469   \n",
       "blue           -0.006464 -0.041621  0.026053 -0.002402  0.000867   0.014027   \n",
       "clock_speed    -0.014718 -0.009644  0.003595 -0.029346 -0.007498  -0.011475   \n",
       "dual_sim       -0.021291  0.014370  0.041401 -0.012503 -0.016923  -0.039503   \n",
       "fc             -0.009677 -0.005263  0.014858 -0.010594 -0.012180  -0.006761   \n",
       "four_g         -0.019641  0.007287  0.007613  0.026646  0.036770  -0.046726   \n",
       "int_memory      0.010662 -0.008505  0.032551  0.038044  0.012513  -0.002015   \n",
       "m_dep           0.024787  0.023006 -0.009989 -0.025553 -0.019315   0.017832   \n",
       "mobile_wt       0.001388  0.000291 -0.002920 -0.033272 -0.020491   0.006308   \n",
       "n_cores        -0.006598  0.024483  0.004658  0.000056  0.026002   0.013210   \n",
       "pc             -0.018474  0.004001  0.028991  0.004931 -0.023824   0.014656   \n",
       "px_height       1.000000  0.510691 -0.020098  0.059182  0.042836  -0.010722   \n",
       "px_width        0.510691  1.000000  0.003970  0.021664  0.034606   0.006582   \n",
       "ram            -0.020098  0.003970  1.000000  0.016355  0.035745   0.010870   \n",
       "sc_h            0.059182  0.021664  0.016355  1.000000  0.506049  -0.017442   \n",
       "sc_w            0.042836  0.034606  0.035745  0.506049  1.000000  -0.022869   \n",
       "talk_time      -0.010722  0.006582  0.010870 -0.017442 -0.022869   1.000000   \n",
       "three_g        -0.031414  0.000393  0.015977  0.011726  0.030802  -0.042742   \n",
       "touch_screen    0.022318 -0.001470 -0.030788 -0.019473  0.012982   0.017292   \n",
       "wifi            0.051436  0.030403  0.022993  0.025394  0.035181  -0.029601   \n",
       "price_range     0.149076  0.165688  0.917039  0.023244  0.038830   0.021901   \n",
       "\n",
       "                three_g  touch_screen      wifi  price_range  \n",
       "battery_power  0.011385     -0.010269 -0.008591     0.200856  \n",
       "blue          -0.029969      0.009567 -0.021385     0.020357  \n",
       "clock_speed   -0.046569      0.019995 -0.024707    -0.006503  \n",
       "dual_sim      -0.014287     -0.016632  0.022267     0.017669  \n",
       "fc             0.002006     -0.015218  0.020469     0.021832  \n",
       "four_g         0.584157      0.017248 -0.018101     0.014990  \n",
       "int_memory    -0.009479     -0.028097  0.006811     0.043983  \n",
       "m_dep         -0.012165     -0.003506 -0.027500     0.000002  \n",
       "mobile_wt      0.001854     -0.014920  0.000124    -0.030554  \n",
       "n_cores       -0.014549      0.023448 -0.009639     0.004251  \n",
       "pc            -0.001326     -0.008737  0.005383     0.033604  \n",
       "px_height     -0.031414      0.022318  0.051436     0.149076  \n",
       "px_width       0.000393     -0.001470  0.030403     0.165688  \n",
       "ram            0.015977     -0.030788  0.022993     0.917039  \n",
       "sc_h           0.011726     -0.019473  0.025394     0.023244  \n",
       "sc_w           0.030802      0.012982  0.035181     0.038830  \n",
       "talk_time     -0.042742      0.017292 -0.029601     0.021901  \n",
       "three_g        1.000000      0.014204  0.004041     0.023739  \n",
       "touch_screen   0.014204      1.000000  0.012420    -0.030645  \n",
       "wifi           0.004041      0.012420  1.000000     0.019011  \n",
       "price_range    0.023739     -0.030645  0.019011     1.000000  \n",
       "\n",
       "[21 rows x 21 columns]"
      ]
     },
     "execution_count": 84,
     "metadata": {},
     "output_type": "execute_result"
    }
   ],
   "source": [
    "#Quesition 2 - Correlation between price range and selected variables\n",
    "df.corr()"
   ]
  },
  {
   "cell_type": "code",
   "execution_count": 62,
   "metadata": {},
   "outputs": [
    {
     "name": "stdout",
     "output_type": "stream",
     "text": [
      "               price_range       ram  px_height  px_width  battery_power\n",
      "price_range       1.000000  0.917039   0.149076  0.165688       0.200856\n",
      "ram               0.917039  1.000000  -0.020098  0.003970      -0.000504\n",
      "px_height         0.149076 -0.020098   1.000000  0.510691       0.014698\n",
      "px_width          0.165688  0.003970   0.510691  1.000000      -0.008230\n",
      "battery_power     0.200856 -0.000504   0.014698 -0.008230       1.000000\n"
     ]
    }
   ],
   "source": [
    "#Display correlation of selected variables\n",
    "correl = df[['price_range', 'ram', 'px_height', 'px_width', 'battery_power']].corr()\n",
    "print(correl)"
   ]
  },
  {
   "cell_type": "code",
   "execution_count": 82,
   "metadata": {},
   "outputs": [
    {
     "name": "stderr",
     "output_type": "stream",
     "text": [
      "C:\\Users\\abhay\\anaconda3\\Lib\\site-packages\\seaborn\\axisgrid.py:118: UserWarning: The figure layout has changed to tight\n",
      "  self._figure.tight_layout(*args, **kwargs)\n"
     ]
    },
    {
     "data": {
